January:
-0.02083922  
-0.014573254  
-0.06664978599999999  
-0.09000000000000001  
0.0774  

February:
-0.02083922  
-0.014573254  
-0.06664978599999999  
-0.09000000000000001  
0.0774  

March:
-0.02083922  
-0.014573254  
-0.06664978599999999  
-0.09000000000000001  
0.0774  

April:
0.02083922  
0.014573254  
0.06664978599999999  
0.09000000000000001  
-0.0774  

May:
0.02083922  
0.014573254  
0.06664978599999999  
0.0900
-0.0774  

June:
0.027785627  
0.019431005  
0.088866381  
0.1200
-0.1032  

July:
0.027785627  
0.019431005  
0.088866381  
0.1200
-0.1032  

August:
-0.027785627  
-0.019431005  
-0.088866381  
-0.1200
-0.1200

September:
0.027785627  
0.019431005  
0.088866381  
0.12000000000000001  
-0.1032  

October:
-0.0  
-0.0  
0.0  
0.0  
0.12000000000000001  

November:
-0.0  
-0.0  
0.0  
0.0  
0.1200  

December:
-0.027785627  
-0.019431005  
-0.088866381  
-0.1200
0.1032  